816 1. 1111111 111111

Branchus, 11111111 qui rusticus 111111 Ρ1111
Ρ111111111111111111111111111111111111. 4811

temam, 11111 agrestio 1111111 111111Ρ111,1111111111111Ρ1111111111
· mmm...

111 ⁸ 1111111 11111111 111111 vim 111 11111111 11111111111111111. 11111
1111111111111111111113111111. 1111111111 §Qum 0111. 111. 11. 111.

NOTAE

1111 1111111 1111111111,11111111, 1111111111 1111111 111111 1111111111
1111111 111111 1111111111 111 111111 111111111111111111111111111 ‘celto
1111111111111111111111111111- 11111111 1111111 1111113 1111111111
1111111 Memphim 1 Sacerdotibus. 111111 1111111111 11111111111 1111
1111 1111111111 1111111, 111 111111 111111111111111111111111111, ι111·
1111111111111111111111111111111· 111111 Β111111111111’ 1111111111,
1111111111111111111111111111111- 1111 ‘Didymei 11111111,’ 11 111
1111111111. 11111111111111111111, Ρ1111111111.111.11. 1111111111
111111 111111111111 111111 111111· 11111111111111111111111111 1111111
1ο. 1111111111 (1111111 1111111111· ’111111111111111111 11111111111111·
11111111,1111111111 111111111111. 11111111, 111· 1111111111111111111
emto 11111111,11111111111111111 1111111111111111111111 11111111·
111111, 1111111 11111111 11111111, 111. 111 811111 111. 111111111111·
111111111111111111111111111111111 111111 etim 1111111111 1111111, 111
11111111111111111111 1111111111 111111111111111111111,11111111111
1111111. 11111111111111. 111111111 eju ’Β111111111’1111111, 11111111
111111111111111 summeium) 1111111111 1111111 1111111111, ipo-n,
111111111 1111111. 1111111 1111111- 1111111 11111111111111,11111111ι
111 111111111111 1111111 ’01111111 11Ρ111111111111111111111,11 111111
111,1111111111111111111111111111111· 1111111111111111. 11111111111111111-
111, 11111111 111 1111111111 1111111· 11 1111111111 1111111 mxi-un 111·
1111111111111111111111111111 11111 11111111, 1111111111 1111111111·
111111 1111111111 1111111 111111· 111111 1111111111 11111111 111111,
111111111111111111111111111111111 ’1111111111 Α11111111’ 11111111.
11111111111111111111111111111111 1111111111 11 1111111111111111111 11
111111 11111111611111111111 cu· 1111111111111111111111111111111·
1111,111111111111 111,111111111,111· &cumulatique Ρ11111111 11111·
111111111111 eventum? Vide 11 11111, 1111 111111 111111 111111
1111111111 1111111111 1111111111, 11 1111111111 111111 111111 1111111111
1111111111 11 11111111. 1111111111] Petu!

1111111 1111111,11]111111111111111 171111 11111111 111 nm m
111 1111111111, 1111 1111111111 111. Ρ111Ρ111 11111111 1111111111..-
mque md& 111111 1111111111] 1111111111111111111111 1111111111
scribendum Ρ11111111 mu 111111· 1111 Pin· 11111111 1111111 111 11.
111111,11111.111111.111.111. 1111111111,1111111 1111111, 111 11-
111 111111, ’111 11111111 1111111111· 1111111111· 11111 111 1111111111,
111111 amem: 1111111 ι1111111111 1111111111111111111 1111111111Ρ1·
,11111111 11111111,1111111“1111111111 111 1111111, 11 111111 1111111111.
111111111111111. 1111111 111111 Nm 111111 1111111111 11 1111111111,

 

